239867154517324986846591327163785249795412638482936715951278463674153892328649571
869453712541827396237916584412368957386579421975142863198634275753281649624795138
496513782327986145518247936653791824172834569984625371835469217249178653761352498
627189453451637289893542617582971364174326598369458172738265941215794836946813725
942615387657938241813742965286359714734861592195427638528193476479286153361574829
879614235145273698632895417756139842498726153321458976287541369964387521513962784
239815647156473982748692135975134268481926753362758491824367519617589324593241876
849576321572319486316248957698123574753694812124785639481932765967851243235467198
784195263961243857532768914649581732128379645357624189475812396896437521213956478
982741365541236897736589241379812456265473189814965732627394518498157623153628974
268573419754192386913864257572316894396485172481729635827651943149237568635948721
185746923436912758729358641318275469952461387647893215263587194891634572574129836
781963524465182937239457816518396742697824153342715689876231495924578361153649278
265491378719538264843672951652349187938716425174285693496157832327864519581923746
368527419127934685594816327473259168659481273812763594931675842245198736786342951
239571648461982753857364921123456897576829314948713265684235179315697482792148536
423679158671853429895214736952486371168537942347192865536941287789325614214768593
317456298652198347498723561729834156584261973163975824875342619936517482241689735
256183974418792356739654812142935768697218543583467291365849127971326485824571639
924731586135689742867524139258173964493265871716948253549816327382497615671352498
356281947172495368849736512413857629765924183298163475681579234937642851524318796
146852379897143526532679418718935264965421783324768195483297651251386947679514832
673824159589167234421395768854279613396518427712643985248751396137986542965432871
965234781728961534413587629684159273592673148137428956271346895359812467846795312
924165738358742961176389425741536289562978143839421657417653892293814576685297314
431695278579482631682137459295864713743951862168273594314726985927518346856349127
947253168328169475615487392489516237261374859573928614154732986796841523832695741
526193847741268539839745216314572698267819354958436721473621985195387462682954173
643278195592631784178594326267945831415783962839162547951326478724859613386417259
148572693763918254925643781274861935319754826586239417831496572452387169697125348
742569831569813472318274596974138265631725984825496713257381649493657128186942357
813295476965473821724681935482936517376514289591827364138759642249168753657342198
471682539582937416693514827315496278847325691269178345956743182738261954124859763
534768192729541638681932574142396857895417263367825419916283745458179326273654981
256819347471325968389467215934176852815294736627538491593682174768941523142753689
382169745651347298794258613146735982239681457875924361468573129517492836923816574
495618327217543698863792145981274536352986471674135982739851264546327819128469753
725643981486912735319587462691254873873169254254378196537821649942736518168495327
924538671157469238863712459278153964315946782496827513749385126582691347631274895
942738651135962847867145932786321495329456178514897263491273586253684719678519324
179465328462389751358721496214673985795814632836952174921547863643298517587136249
326158497489762351751439862948316275675294183132875649267581934813947526594623718
578129346361485792492736158935248617714653829826917534143862975659374281287591463
953726184178543296426189573841967352695312748237854619784231965512698437369475821
731294856962581743548673129425318697389746512176925438294857361813469275657132984
147953286829716435365284179681325794952471863473698521538167942794532618216849357
639845217285971364471236958368519742752384691194627835546798123927153486813462579
917523864435768912268194375759812643684357129321649587542981736193276458876435291
638521479492783156571694823286915347713462985945378261167249538854137692329856714
492861357137945268568372914759184623346257189281639475674513892915428736823796541
831496257576132489429785361165849723298673514347251896952364178714928635683517942
361725489572849631984136527815372964637498215429561873153284796246917358798653142
341587692596342781827169345964723518758691423213458976482936157135274869679815234
179243865456981237382675941864139572715824396923567418231798654647352189598416723
791536824853429176426187359289365741615742983374918562942871635137654298568293417
382157964614839752759426138865214379423795816197683245531962487946378521278541693
596324781421876953378519426684937215753142698219658374965283147137495862842761539
815942367396781524472536981257693148639418275184275639923857416568124793741369852
852714369473569182619283547561927834284635971397841256146352798925478613738196425
491528673328796541657431289934857126875162934216349857583914762769283415142675398
987254163316987245524361789748123596253698417169745328832516974495872631671439852
492586173385417269167293845259638714831749526746152938523961487918374652674825391
829714536437625189561389724192473658786592413354168972213947865978256341645831297
146287539859431267273596841461375928782619354935824716324768195598143672617952483
216347589395618427478952631941265873657831942832479156763594218529183764184726395
976185324342679851158324697783912546269547138415863279894231765531796482627458913
735894162961732845428156397174965283283417956659283471846521739317649528592378614
857319264942786531631542789478931625163254897295678413314827956789165342526493178
897453261426187359135629487963745812714238695582916734651872943379564128248391576
145793826239168745768425139826931574453872691917546382381259467594687213672314958
857319624693274158421685973749128365162953487385746219576492831938561742214837596
243859671156327489879146523417592368638471295592638147724913856385764912961285734
593826714182749653674351928465297831237168549918435267841572396329684175756913482
415387629928614573763952418256893741874126935139745286587239164392461857641578392
864531729573429816912687354126398547789145263435276198298754631341862975657913482
158936427627854319943271685381469752475123968296587134839712546564398271712645893
812476953396825174475139682538947261129368547647251398764512839283694715951783426
652497813894132567317856429435761298721985634968324751579218346186543972243679185
871396542924185763563472918437961285286547391195823674342619857658734129719258436
316492785259876341847153629178965432693241857425387196762534918931728564584619273
281437956697185243354926178736518492148692735529743681412859367863274519975361824
183726594567439812924581763258617439641953287739248156875392641496175328312864975
517983624468125793392476518689217435734598261251634879826349157143752986975861342
457128693682739415319645278126483759574291836893567124941376582235814967768952341
752869143139475862864231795247186539618593427593724681386917254421358976975642318
154637829972184356638295174326719485589463712741528693415976238293841567867352941
127456983358297641946138275891375462263941857475682319534769128719824536682513794
687914325935278641241563987456187293398452176172396854723841569869735412514629738
729681435314725896856439217237516948645892173198374562971253684482167359563948721
983741562517682394624359781496213857872495613351867429265134978739528146148976235
361742958472598631895613427514326789689157342237489516758264193126935874943871265
934561782827493516615827439598614273473982165261735894349158627156279348782346951
918426357425738961763915482536182794249367815187549236354871629892654173671293548
374159268251386794869724531148965327523871649796243185417692853982537416635418972
472531869356948172198267534813726945964153728725489613537812496281694357649375281
634521879915873624827694513493268751758319246162457398271986435389745162546132987
476938251513427869829651374247315698631789542985246713762193485154862937398574126
851623947247958613639714825195367284786542391324891756572139468468275139913486572
258691437719435268463827915697182354145369872382574691874916523931258746526743189
753921486826734591419865732672493158591287364348156279164578923287319645935642817
327915846948762531651483927179824365564139782832576194496357218285691473713248659
235974168876125493194836572719453286542687319368291745623719854487562931951348627
378491625569872134421635987142967853695328471783154296914583762857216349236749518
952361748138974265476582193597216834843795621261438957729143586385627419614859372
395216874427985316861347295289631547736459182514728639648573921152894763973162458
936512847825473961417698253264387519153926784789154326692745138378261495541839672
312965847569847132874132569198573624235416798746289315623798451457621983981354276
197234658548619273326785194239146587865972431714853926982361745471528369653497812
169735248372418965845296371624153897581947623793862514416389752258671439937524186
842316579736952418195478263964187325273645981518293647381564792457829136629731854
354981267176452983289367451712539648568714392943628715827146539431295876695873124
615379428943182756278645391897536214426918537531724689169257843382461975754893162
467928351218356794935174628684795132179243865523681947791532486342867519856419273
789241635346857219152396784567934821834712596921568473698125347215473968473689152
975346821826517394143829657792138546618475932534962718489751263367294185251683479
974152836231689574586374291125937468497861325863245719358796142719428653642513987
164859327293467581785123469578631294632945178419782653346598712857214936921376845
975312648214865397386794521729541836638927154451683972543178269867259413192436785
528647319731592648496318725382759461947163582165284937613875294874926153259431876
621735489974821365835946172763159248149268753582473916218594637496387521357612894
736219548254683917891475236348196752615742389927358164583967421469521873172834695
425781396718693425936425781249357618653819274871264953594176832162938547387542169
368915472542837619971246358815324796639178245427659183153782964786493521294561837
283157469941623578675498312729381654518964723364275981836542197497816235152739846
428759361719643285635281974573192846196834527842567139381976452257418693964325718
376219548915748326482536719649152873851367492237984651794623185123875964568491237
452698173197423586836571249719362458583914627624785391371259864945836712268147935
412538679536179842789246153163497528897652314245813967928765431354921786671384295
329568714814273569567149283198735642645821937732694851956412378271386495483957126
467298351523461798918735624879513246154926837236847519745182963681359472392674185
651328749489576213372194685247631958816945327935782461563219874728453196194867532
941238657682715934573469281437592816168374592295681743814926375729153468356847129
345891267961732854287465193418376529753289416629154378572943681194628735836517942
148593726765284193329167458873421569694758231251639874937815642482976315516342987
538491762716253498294678135651837924879542316342916587123764859465389271987125643
318925476526847931497613825175294683634178259982356714249581367761432598853769142
916384752537291684428675139741862593269537418385149267674913825153728946892456371
318567429479832516652194387261948735893725641745613298127486953584379162936251874
578649123264317589391258674719584236685132497432796815823475961957861342146923758
456921387912837564873456921327698145694315278185742693561284739749563812238179456
725981463893264517164375892237859146918436275546712938352147689479628351681593724
876591243431762589259348176183625794564179832927834651318456927795213468642987315
589127463732564981461983752694231875217458396358679214175842639943716528826395147
463129587297853641815746392376598124542671839981432756629315478134987265758264913
423197685578643291916852347897261453365974128142538769681725934254319876739486512
764521839189473526523986417318692745275814693496357182952748361647139258831265974
263475981874139526159826437315962874926784315748513269582697143437251698691348752
863729415295641378417358926748195632651273894932486751329814567186537249574962183
398276514246531978571849263962318745714652389835794126659427831423185697187963452
495683271786912453321745896652491738148376925973258164217534689839167542564829317
975346812283195647614827395548269173761438259329571486156783924497612538832954761
719843256452916387863527419938154672127698534645372891381469725294785163576231948
674129385813756294592843167435968721961572438728431956357284619186397542249615873
654389172978152364312647589286593741137824956495716238549238617723461895861975423
918674325453812796762593814287341659549768231136259487391427568875136942624985173
265819374713546829984723615846297153157634982392158467531462798679385241428971536
658712934349685217172943865463258791817496523925371486596124378281537649734869152
421539768379648125586712934762495813814273596935861472653987241247156389198324657
137698245895214673642537918576982431423751869918346752769123584281465397354879126
583647912472981365916253748821734659354869127697512483749128536235496871168375294
721485639486193725539726814892361457643578192157249368265834971914657283378912546
431675289786429315925318764612957843574831926893246157367582491249163578158794632
146253987857194326932876451481362579695748132723915648319487265268539714574621893
273685419189234657654179238531748962796523841428916573947362185362851794815497326
815342976764981532392576418439765281156829347287134695541298763678453129923617854
219375864576284931438961752745813296921756348683492517357148629192637485864529173
219574386374968512658312497962183745187245639543796821831659274496827153725431968
725498613681573492349261578298756341534129867176834925912345786457682139863917254
152863794846972351973514826461729583598346172327185649685491237719238465234657918
174963285538241976962785314456372891297418653381596742629854137743129568815637429
768925134513468297429317568842591376657832419391746825984173652176254983235689741
841629357627531948359784216735198462468257193912346785286913574594872631173465829
591837426428619753673254189312478965756921834849563271237195648185746392964382517
167529843985347612423186975374915286856732194291468537638294751549671328712853469
846713295215869374739452681467128539923576148158394726392645817574281963681937452
154293678239786154867154329512837496783649512946521837425378961678915243391462785
189372465763549182542186937925418376674253891318697524856734219437921658291865743
675824319238179564914536287356782941492651738781493625163947852829315476547268193
732519468891643257465287391178496523329758614546321789213864975684975132957132846
478613592235749618916285734754932861362871945189564327593427186827196453641358279
923758614568941372417362958751296843346587291892413765239175486675834129184629537
854716923197328546623549178769251384538974261412683795376495812285167439941832657
421395876735826914689714532178563429396142785254978163843257691967431258512689347
432518769586279134971634285763195428819462573254783691128346957345927816697851342
391285476578364192246179835614952783785631249923748561137426958452893617869517324
861574932349281657725639814532746198417958263986123475174392586293865741658417329
732564981941382765658719243513628497279431856864957132397146528126895374485273619
179453826645278913823196457937562184561784239482931765258649371396817542714325698
851946237274513689936827541349165872685274193712398465198432756427659318563781924
739812654158476239462935781325684197841759362976321548294163875617548923583297416
276591348489673251531824967718962534952437816643185792194258673325716489867349125
293581674514367892876924135739418256621753489458296317945832761182679543367145928
485293167916784352372516984854321796193657248267948513738169425549832671621475839
924786153875143269631592478462378915798251346513964827386425791259817634147639582
487219365319645287652783941895432716241567839736198452974351628168924573523876194
419725368673849125258316794926437851381562947745198236594271683867953412132684579
439612758561378249782495613648127395253984176197563482375249861826751934914836527
534819726782634591916752438321476859695328147847195362158263974463987215279541683
268159347579634182143287965954823671732416859816795234387942516691578423425361798
756124938892653741413789625645318297127596483389247516534862179971435862268971354
921467853783512469564398712157946238842173695396825147679231584415789326238654971
352891764487653219691274583834162957175349826269785341726438195548917632913526478
469352178358197246271486935512749683783621459946835721627513894895264317134978562
847256913196743285253198746982631457561974328374582169729465831618329574435817692
481639275562741398973285164349562781157398426826174539218957643734816952695423817
813974265462315798957268314785196432231487956694523871328751649579642183146839527
956841372342957618187326945628794531531268794479135826295613487763482159814579263
154637289973842615286951743817596432635284197492713856569128374741365928328479561
681379542453128967279654318815942736762835194394716825536297481948561273127483659
274831695981562743653479182528714936139628574746953821365297418417386259892145367
496735218253814769871692534142986375369571842785243196934128657518467923627359481
769531428325874961814269537973645182258317694146982753492758316537126849681493275
815267493472395681936184275768412359293756148154938726629571834541823967387649512
785214639394768125216593478172945863849637512653182794428376951937851246561429387
598142673237986154614735928461823597352479816879651342946218735783594261125367489
976432851153798246482651793218546937367829514549317682624983175795164328831275469
836741925195632748472958613764389152523417869981526437618293574257864391349175286
736948125524716983891523647259837461643195278178264539367451892412389756985672314
912463758734185962856792413143276895697518234285934671378621549461859327529347186
269173845748956132153482976315698427684527319927341658832719564476835291591264783
231549867695728314487136592968214753542973681173685249854397126716452938329861475
857169432324785196169342758786513249245897361931426875492678513518934627673251984
964231875138756294572894136256419783497328561381567942725683419813945627649172358
853912647967354218124678539439861752671425893582739164795183426318246975246597381
194367528756842391283591476675238149932416785841759263517984632328675914469123857
826417935915326478473859612238975146697241583154683729582164397749532861361798254
624135897571289436389764521867593142495821763132476958948612375756348219213957684
287594631561873492349621857138756249456932718792418365823169574615247983974385126
347256891185379246629148537431625789796813425258497163914762358573984612862531974
246175839879362514351894672735481296982653741164927385697248153418536927523719468
516893274487652139392741685764529318821374596935186427243968751158437962679215843
296147358785396421413285679528439716174658293369721845831572964957864132642913587
723698154491357862865214379256439781934781526178526943617843295342975618589162437
819675342735249816462381795654832971321794568987156423178463259293517684546928137
651273849329184675487596132845927361162345987793861254538719426976432518214658793
826941537451783296739526148698352714312479865574618923987264351143895672265137489
198475623347296185526813497259168374814327956763954218975641832631782549482539761
159763842368249715274851936923187654517426389486935127641578293792314568835692471
382749165657312984194856732526473891913285647478691253239164578761538429845927316
617285439354769821289431765461592387935678142872314956126943578593827614748156293
758621943461389725392547186983472561245196837176853492539214678614738259827965314
562743891974815362138629574613598247489237615257461938325974186796182453841356729
965438127241576893873912465752893614396147582184265739617359248529684371438721956
451927386693148572278356491362789154185634927749512863524873619836291745917465238
752864913496531782183297465368945127579312846214678539927183654631459278845726391
217943658693587412854216739769451283538729146421368975345192867976834521182675394
237685914481392765596417382729538146168249573345176298814723659673954821952861437
328764195914258367567193842736821459289547631451936728842619573675382914193475286
826593417917624358453817629234758961175469283689231745541372896798146532362985174
235817469174936528986245731693451872517682943428379156861724395752193684349568217
291435876358671294674928153167254938435897612829316547516783429742169385983542761
581732946743169852269845317436917285178523694925684173657391428312458769894276531
394175286271683549568249317983567124456921738127438695835714962649352871712896453
379685412624791358851243679295168734768354921143972586437816295986527143512439867
741836925835921467692574381483157692179362854526498173367249518914785236258613749
915473826274856139863912574147329658398567241526184397659248713731695482482731965
267351498315489627498627531826145379539762184741938265173294856982516743654873912
984752163651834972723169458436295817517386294892471536379528641245613789168947325
753961842148275396926834517375196284869452173412783965697528431231649758584317629
215394768873156429694278513489567231761932854352481976547619382128743695936825147
924583167637291845815746932582674391463129578179358426751432689396817254248965713
935486271426713589187295634752349168643128795819657423591862347278534916364971852
438725961972631485615894723281957634756413298394286157129578346863149572547362819
692783514487651932531294786978532641126948375345176298263417859719865423854329167
786435129954128376123796854547913682638257491219684735892361547465879213371542968
857231964692845731314679852435967128981452673276183495748526319123794586569318247
945128367783569421162347985618973542529814736374652819231495678456781293897236154
498657321617823459352914768169578243734291685825436917576382194281749536943165872
381964257624573891975128346432651789896247135157839462243795618719386524568412973
145896273869237541732451689321748965684915327597623814453162798976384152218579436
546279138719386245832145769127894356463512897985637412698421573354768921271953684
612574389395816247748329615951432876864957132273681594527148963139765428486293751
362857914459162873718493265291375648583649127647218359875926431136784592924531786
879146352361725984524938716156372849742589163983614275637491528498257631215863497
428759361197632548356481279675398124981264735234517896843975612719826453562143987
398712456125364987746895312813926574972548631564173298251689743689437125437251869
257134869463928157981567234716245398532789641849613725695872413174356982328491576
298517364465239187317846952784621593931458726652793418573162849846975231129384675
147268953369751482852493176576124398498637215213985764735812649624579831981346527
851264937436597128927318465568942713794153286312786549673429851285671394149835672
682345719153789624794612835246158973875493162319276548521837496468921357937564281
892674531416593278357182694643257819921348765785961342568719423134826957279435186
482765139697132845351498672819674523243589716765213498134956287578321964926847351
162895347547231896839467152421376985683529471975184623794653218318742569256918734
243576891897314526615289473782165349169743285534928617471632958358497162926851734
518372694693854172724196385469283751135647928287915436876531249351429867942768513
927438651815726439463519287248673915591842763376951824139284576784165392652397148
483615729925734186716928453197462835562381974834579612678293541351846297249157368
479231856256984713183765492648123579712598634935647128594872361867319245321456987
267843519934215876851769324576421938492538167318976245745182693629357481183694752
659124387841375962273869145987653214324981576165742839538497621412536798796218453
185793624924856317673241958342685179768419532591327846419562783857934261236178495
598624371372189564164573928643895712725361849981742635456917283819236457237458196
651497328372568419489231576926814735138756942745923861267385194594172683813649257
135469782679128435482573961894712653751396248326845179918657324263984517547231896
675182934914357286328946751146298573859713642732465819463579128591824367287631495
254631978739528614186497253421783569398156742567942831815264397643879125972315486
279836451641572938835941762596284317784153629312769584953428176168397245427615893
142857936975361482638924715459682371216739854783415269567243198321598647894176523
358426917126937854749158326274893165861275493593614782612749538937582641485361279
596824173812736495437159628763498512259361847148275369324687951971543286685912734
621573849479816235385942716896234571753189624142765983518497362234658197967321458
245319768681527349379486215732861594964235871158974632493658127527143986816792453
925873641813564729476921538237146895154289367698357412342795186781632954569418273
231478659586129437947536281652941378813765942794382165369257814425813796178694523
163824795257691834849573162425937681716285349938416257382749516691352478574168923
526184739841739562739265148682917453457623891913458627275341986394876215168592374
932718564675294381148365729253189647861457293497632815389521476716843952524976138
174365982329874651586291437768539214913428576452617893695743128847152369231986745
745381962369245781182796354671453829293817546854962173527639418918524637436178295
314875296928463751567192348752619834189234675436587912695721483871346529243958167
234751896168932745957648213392584167845176932671293458716425389423869571589317624
692387145841562739375914628789645213163829574524173986257498361436751892918236457
782413659915267384634589217256741893397826541841395762473158926168932475529674138
721498563495236871386517924847652139653189247219743685178964352564321798932875416
156293874287451639934867521628915743493728156715346982372189465541672398869534217
542631897986572143713489562369158274428796351157243689291867435675314928834925716
531984762268571394479263851347896125612735489985142637756319248893427516124658973
791352468354869127682174395278941536519637284436285719943718652867523941125496873
369428571142375968578691234293814657417562893685739142826947315731256489954183726
326954817587321469149768325635187942874295631912436758263819574491573286758642193
534691782719248365826735914698523471472189536153467829287956143941372658365814297
458136972916725834723984516382591467197648253645372189539217648871469325264853791
129835467758964123436127859517689342962413578843752916274391685385246791691578234
798465132163928475254371698475619823839247516612853749527136984386794251941582367
295376481317489652648512379451863297783291564926745138174658923539127846862934715
486725139723196485195348762241853976859267341367914528538679214614532897972481653
169357842427618395835492167284976531973125486516834279392781654658249713741563928
531678492764932185289154376426713859375489621198526743912867534853241967647395218
864372159153896427972415638436589271789231564215647893598764312647123985321958746
845196723371582694962374815487613259623945178159728346736451982214869537598237461
472518396956273184813469752538627419794135628621894573345782961269351847187946235
163428579578916243249753186657284391314695728892137465485362917926571834731849652
431765892862391457975248631524813976397426185618579243253184769146957328789632514
283641579176985243954723816592168734637294185418357692341572968865419327729836451
154298367293746581867153492736521948541389276928674135315967824689412753472835619
936758214782341659514296378129673845358914762647825193293467581471582936865139427
594728136786134925123659784367915842248367519951842367615293478472581693839476251
716329845259418637348576912961743258832951476574682391497865123623197584185234769
746139258981652347352784961837946125219578634465213879528397416193465782674821593
927456831618293475435178269563947128184632957792581346251864793349715682876329514
791582346356417829248936517873264951425179638619358472137895264584621793962743185
693278145851439276247561983768312594914785362532946817326197458479853621185624739
965843217147925863283671495479358126526719384831462579692134758318597642754286931
431569827825371964697824351143756298786192543259483176512637489378945612964218735
738612945196854723452739618549178362361425879827963451285347196673291584914586237
375186492481279653629435781142963578856712349937548216213857964764391825598624137
746952318951834276328167459263541897519378624874629135435716982697283541182495763
319548627287936145645172839452319768976485312831267954523891476168754293794623581
142536897783429156569817243691785324834162579275943681356274918428691735917358462
429853761386917254175246389218579643634182975597634128963425817741368592852791436
548193726769528431321764598653289147812476953497351862186942375274835619935617284
847156239156923784923478156784235691531694872692817345265789413479361528318542967
239854716581637942764192853348276195152489637976513428625741389497328561813965274
831497526657382194924561873469138257518726439273954681196875342345219768782643915
439218765156794283728635914695371842374826159281549376512967438967483521843152697
416587923798123564352496871947261358523948716681735492139674285875312649264859137
253786194964351782187294653598462371712938465436175928329517846875643219641829537
349876215682153497517942683768495321123687549954231876276314958495768132831529764
758914263413826759962573481321748596697352814584169372835291647249687135176435928
752396148369418752184725693291847365645239871837561924518972436923684517476153289
156873249427159638938624517513742896769318452284596173671985324345267981892431765
176489253594263187328571964957126438842935716613847592735614829481392675269758341
349172685681345972725968134936417258152683497874529361493751826217836549568294713
935481627482637159716952843591768432278349561643215798829574316164893275357126984
137964285956821734824357691675189423413275968289643157761598342542736819398412576
564817392923456781817293564246738159175964823398125476782641935651389247439572618
362594178957812364184367592495726813738951426216438957549273681623189745871645239
896475123324961785175328496218597634637214859459836271582149367743652918961783542
416257389327894516589631472764918253258376194193542768875463921942185637631729845
746529831589631247123874956367485129814297365295316478951743682478162593632958714
739261584481537962562894137613978425257146893894352671328615749146729358975483216
781345926932618457645729831567831249413952678829476315176293584294587163358164792
486521379293764581715938426932416857567893142841275693378149265659382714124657938
426817935715239648398645712172496583954378261683152479867521394549783126231964857
452193687378465129196872345583216974219347568764958213825731496641589732937624851
275813946836294751491576382524137869963428175718965234342759618157682493689341527
348962157526173948791458623135694782267831594489725361652347819913286475874519236
519846723387219465426753819675981234193427586248365197934172658852634971761598342
189326457354897162627541398762483519913765824548219673295134786831672945476958231
489125736135674289726398154261489573897532641543716892374861925652947318918253467
543289761172463589896175423217854396365917248489632157931528674624791835758346912
357682941612479583894351726948163257235947168176825439789234615461598372523716894
127394865483526197956178342398745621215863974674912538842631759569287413731459286
984357216536421978721689345419875623872136459365294187158962734293748561647513892
956382174274195836138647529849756213325914768761238945492873651683521497517469382
962745831583219764174836592439561278621378459758924613346187925297453186815692347
523819476879264315164375982231798654486152793957436128648921537712543869395687241
918256374245873691673491528169734285584162739732985416856329147391647852427518963
541973286976825431382641975419762853823514697657398142168457329794236518235189764
267394158481765329953128647619253784372841965548976231134687592725439816896512473
597648321641732985328591764936275418815463279472189653153927846284316597769854132
358427916261859734479361528896134275735286491124795863612578349987643152543912687
516492738398671542472358916851263479924817653637945281765189324289534167143726895
513248967489176325672395184794512836238467519156839472361924758847653291925781643
492315687386274159571896324139527468645183792728469531864752913913648275257931846
915748236748326195263159748196582473482973561537614829829435617351267984674891352
572439186849156723631872945387694251925317864416528397754983612268741539193265478
251847693734569821968132574195476238687325149342918765816794352423651987579283416
934782615627531498581496237178269543249153876356874921415328769762915384893647152
629574183587132469143869275418956327756243918932781654274695831891327546365418792
618457293325961487497238156742815369981346572536729841253694718864173925179582634
583214967416397852972586134235168479897432615164975283728643591649751328351829746
345672891628419357917358642791536284456287139283941576862793415174825963539164728
267185439435296178189734625376418952521679843948523761753941286894362517612857394
981524763654837291723619485316492857278165934549378126465981372837246519192753648
372659148845132796691784523934275861587916234126348957218563479453897612769421385
982375146314962758657418932129653487473289615568147329745836291236591874891724563
423187659698523741157649283845912376719368425362475918234856197576291834981734562
419756832723184956658923417836597241271648395594312768385471629947265183162839574
958631472741285936623974158567492381289316547134758269415827693896143725372569814
293754618785961423461238957976512834342689571518473269124396785637845192859127346
951387246428916735376254891514873629697421358832569417763192584145638972289745163
674182935985436721132957684296718453743529816518643297359264178421875369867391542
279536418354871269816294573185623947437159826962748351643912785521387694798465132
716342859258619734394857261985136472472598316163724985641273598827965143539481627
183946752479523861625187493968371245532469178714852639241795386896234517357618924
251394687487615932639827451918246573542173896763958124874531269196782345325469718
687945312951832467432617895813476529764259138295381746579163284346728951128594673
714685329695321784823974651472836195569412873138597462351268947287149536946753218
741356928962748153538129647453281796217694385896537214679415832125863479384972561
359862471768145329421379658617528943584936712932417586873294165145683297296751834
914328576563719248278654391381972654495163827627485913142896735756231489839547162
327865941196347258458192673679214385284573169531986427915428736862739514743651892
318642759652739841749185632475321968983576214126498375264917583837254196591863427
672349815583167924149582736857234169934816572216975348328651497495723681761498253
294816357568372149731954268627583491849261735153749682382697514916425873475138926
394561728286437159157289634475126983961358247832794516613872495748915362529643871
947218563531764928628593147462831759859672314713945286395426871184357692276189435
785431296931627485264985317152864739396712548847593162623178954578349621419256873
183569724946271583257438961618325479592147836374896215869714352731952648425683197
416739582352618974897254316724986153561327498983145627178493265235861749649572831
486572391513984672279631458837295146654317829921468735395846217148729563762153984
739618524815342769462795381928153647651487293374926158296831475147569832583274916
715293864693847521284561973132986457856374219947152386571438692328619745469725138
639478521875192436124635879341259768952867314768341295287516943496783152513924687
876291534214375986593648712429813657751962843638457291367189425185724369942536178
823916574517842396964753812249631758175498263638275941396187425751324689482569137
586734921792561843134928567971645238325189476648273195457312689269857314813496752
235976148619483572874512396456327981793158624182694753368745219947231865521869437
492673815163859274758412693816325749947168352235947168574281936321596487689734521
753421968294865137168973254425789613937612845681534792379256481542198376816347529
916573284854926713273841659148259367762138495395467128587614932421395876639782541
638275491519846273427139685765492318382617954194583762853764129246951837971328546
834167925629543718175298436982314657716859243453726891398471562547632189261985374
215849673394167285786352914123574896468923157957618342872431569641295738539786421
473289615918653274562174389847562931196837452235491768621348597389725146754916823
529471638186523749473968125961842573234759861758316294817234956392685417645197382
418592763726483951395167842263748195589316274174259386832674519657921438941835627
649583217715924683382671945163498752294735861857162439931246578576819324428357196
264857319851934762379162548736519824125486937948723651483691275697245183512378496
576389142438217695129456738697532814853194267241678953364821579712945386985763421
623759148749168325581234796938625471417983652265471983156847239894312567372596814
146873952972615384853492167295184736681537429437269518718346295324958671569721843
492768315365142879718935624281374956973586241654291783837419562546823197129657438
725149368416823795389756214974315826158462973632987451563278149291634587847591632
326419785179385624584726913941567832753298461268143597832974156617852349495631278
926814537738596412541327986693241875215783694874965123167439258389652741452178369
491836275563927814728541396387154629916283457254769183849615732672398541135472968
921475863568231947473986521145398672836752194297164385682517439354629718719843256
579134628613582794284697531162349875795218463438765219926453187341876952857921346
986243751514976823273851496867519342439782165125364987658437219342195678791628534
812649573693751428475832916958214367736598142241367895167485239524973681389126754
327891564198546327456237918631478259749652831582319746263784195974125683815963472
978243156214568379653179248746932581531487962892615437189356724465721893327894615
128573649493268517756491382571936428832745196964182753287614935349857261615329874
698253741523471689147689325739124856852736194461895273384967512215348967976512438
186572493479638512532419768917356824324781956658294137295867341741923685863145279
645781329219453786738926541362547198487219635591368472173692854824135967956874213
829645713435197826671823945148976352752314689396258174217539468964782531583461297
379581624854672913261349587716238495982754136543196278125867349698413752437925861
329675418857941362416238795293487651568312947174569283681724539932856174745193826
752168493394572816186934527847329651513746289629815734268491375431257968975683142
187596423543218769692374851254781396918463572736952184461827935379645218825139647
427859361385162794196734285814625937269347158753981426948573612532416879671298543
321687495768594213495321786914752368273968541586143972839276154147835629652419837
351794682948612573672583491416958237529137846783426915164279358895361724237845169
264375819597681324813294657182743965976512438345869271431927586659138742728456193
467983521981257364532461978713628459895734612246519837128396745679145283354872196
726341859158976432349582617687154293532869174914237568495623781263718945871495326
857194623169372854432865179594638712621457938378921546246519387713286495985743261
548392617379618542162475983417956238285743169936821754791584326853267491624139875
627583491389421765145679328592716834473852619816394257254968173931247586768135942
367184592149652387825379416684795231532816974971243658458967123793421865216538749
194576382678324159253981746869743215317295864425168937946817523731652498582439671
429165387568273914317948256184697532792354861653812479241536798975481623836729145
549178326163492875278653419391764258752839641486215937937546182814927563625381794
987536421546128793231479658659843172174692835328751964493287516715364289862915347
543289671712563498689147253921638547857492316364715829496351782175826934238974165
325941678487365912691728453758296341162534789943187526536412897279853164814679235
692417538345289176817365294571946382426138759938572641184723965253694817769851423
953428671621379485847165932416837259792651843385942167274596318568213794139784526
943786521216593748587241639832967154475132896691854372759628413328415967164379285
375194826624873519981256437437582961869431275152769384718925643293647158546318792
439816275761295348582734619296387451814562793375941826953428167648179532127653984
618723495497568123352491678845276319271934586936815742763182954124659837589347261
591648723748253691623917458935764182817392546462185937359876214186429375274531869
147983256982564731356172894291457368864231975735896142518749623473628519629315487
186279453374586921592134687943651872621748539857923146739865214468312795215497368
251378496698425317437691528945762183782153649316984275569247831174836952823519764
538176429497258163612934875976381254123465987854729631781592346369847512245613798
918437625327865941654291738182576394579143862463928517296784153745319286831652479
638729415472165983915834276169348752287951364543672198326517849794286531851493627
763582914429617853185394672576243189948761325312958746637125498851439267294876531
924678135736195824815432679541267983398541762267983451183729546479356218652814397
157869423384712659296453781643571892928634517715928346469187235531246978872395164
813295764479861325256743189321578496987416532645932871162384957734659218598127643
938752641762431598154869723216348957589176432347925186623514879875693214491287365
682957413953124768174683529538246197716895234429731685265378941397412856841569372
876253914293418576154976238728345691635129847941867325369784152482591763517632489
584726139731489625962531748358614972147298563296357481875962314619843257423175896
931724856584196732672538419746281593859367124123459678465973281298615347317842965
584976123692143758173825694961758342257394861438612579846539217319267485725481936
761239854423518976598764312237841569154926738986357421619473285342185697875692143
681739245239458167745612938492175386378964521156823479563281794814397652927546813
792148635645732891138659472219574386467823159583961247924315768871496523356287914
953168742428597136176243985314976258765824391892351674631489527249715863587632419
468317259235496178197852346984563712351729684672148593813274965726985431549631827
872169435145378269639254718958643172213785694764912853586497321397821546421536987
318425967759168342642397518587243196496751283123986475264579831835614729971832654
392167584568439271471825369214786953983541726657392148136278495825914637749653812
162354978539278461874196352348765219251943786697812543413589627726431895985627134
974586132815237496326419875152374689687951243439862751241793568798625314563148927
764251893823679541159843762692184357587936214431527986278465139316798425945312678
783156924956742813241893675862419537315687249497235186679321458528974361134568792
756412389418793625932865174825641793671329458394578261243987516169254837587136942
541293867827416539639785124962174385385629471714538692276841953153967248498352716
123698457758124396649357182295731864874269531316845279961582743487913625532476918
286475931915328467743691825537916248894237156621854379358162794179543682462789513
316945872589627431274381695431796528927518364658234719862479153743152986195863247
184263597369857214257149638425671389916438752873592461592786143748315926631924875
826149735341572896795368412582413679164927358937856124678291543419635287253784961
298376541165824973374519286681795324437162895529483617742658139916237458853941762
492173568573864912618295734259641873841937625367528149786452391925316487134789256
869174253241539786375628914534791628982463175716285439427356891693817542158942367
219376548453829716786451392678945231532167984194283657945712863867534129321698475
257948136418536729396271854743829615821365497965417283639782541572194368184653972
793528146615974823428136975976841352152693487834257691569412738287369514341785269
418275936967813245352469817634128759571936482829754163786591324193642578245387691
172345869985762413346198752851236974429571638637489125714853296263914587598627341
587923146146587392239146578952761483864352917713894625395218764421675839678439251
526347189894216573713895264647531892189472356235689741478923615962158437351764928
981342756524786391736951428265413987143897562879265134497528613318679245652134879
517834296498612375623759148345176982981243567762985431879421653134567829256398714
672935814514826739938714652293581467756249183481367925345178296127693548869452371
435817926918624753672359814724968135853172469169543278287436591546291387391785642
624751398859643217317289465432165789586927143791438652175394826963812574248576931
914285673532761894876934215159672438627843951348159762785416329263598147491327586
543981726769524318128736549687419253395267184214853967952348671436172895871695432
935482716468731259127956348812643975349275861576198432753819624281364597694527183
239741856168935472475286319914872563857163924623594781596318247781429635342657198
137825649956341287482967531364278195598614372271539468645782913723196854819453726
614395728297861543835274169749618352328547916156932487482753691971426835563189274
473519826512638749689427153236791584895264371147385962751942638328156497964873215
591283467286754319473196285632945178817632594945871632128567943359418726764329851
245967813371528469896413275937154682618792534452386791189645327563271948724839156
812745693537196248469832715156487932298361574374259186923578461741623859685914327
845361792326795841971284563184532679539476218267918354498653127753129486612847935
294651387583297461671384925439872516765419832812536794328145679956723148147968253
368792541127345896549861273691273485783456912452189637814627359235914768976538124
735491682928356741416782395689217534573864219142539876257148963394675128861923457
842536197765149238319827465596714823437682951281953674953468712178295346624371589
798356421364127589521894736639512847182749365457638192275463918913285674846971253
241597683675813429983264517394781265816925374527436891438172956752649138169358742
326497518549128673178653924617849352834275169952361487495786231763912845281534796
412539867973486251658712493346251978891647325527398614285974136139865742764123589
349127568861495237527863149932571486678342915154986723293654871786219354415738692
341685279628917354597342861479263185156798423283451697764839512812574936935126748
485932617973861254216475389629314875138527946754698132862743591397156428541289763
462139578358724691719658423187346952543297186926581347275413869691875234834962715
157368249289457613643219785564192837321874956978536421895641372416723598732985164
732195468418276953596384721861539274253741689947862315179428536625913847384657192
795631842123894765864725139518476923379582416246319578481253697652947381937168254
176498523425137896938652174712546938659283417384719265243975681597861342861324759
568472913297361584431985726183746295642519378975238641326894157819657432754123869
432178596516394782879256314651729438928413657347685921795842163264531879183967245
765824193189573642234619875671492358598361427342758961926137584453286719817945236
589761324746238519123549687465912738891374265237685491958423176374196852612857943
537486129186932745294751836371249568968375412425618973612897354853124697749563281
632495187548176932179283465956721348387549216421368579763954821894612753215837694
158269743946537182372148569524876391713492856689351274895613427461725938237984615
987516342135249786246387951829761435651934827473852619718623594594178263362495178
793548261584261973261739485978316542345892716612457398127983654859624137436175829
493726185821459673765381924189574236542863791637912548958137462214698357376245819
548162937716938245932547681495381726871426359263759814654893172189274563327615498
392578614467319582518426793136792458724865931985134267251643879843957126679281345
361245798427938516589617324178594632635182479294763851842359167756821943913476285
867934152923651784541278693718526439235497861694813275459782316176345928382169547
416527839923841675758936124849365217572418396361279548235694781184753962697182453
197582436658314729423796158249865371315479682876123945764251893581937264932648517
563782419412659837897413256758394621641827395329561748136948572275136984984275163
179548263386279154425631879958324716637185492214967385541892637862753941793416528
193648257862735419457921638315279864976384125284516793739462581521897346648153972
962814735375296184481537296653129478728463519149758623594371862816942357237685941
159374268786529431342618597478253916623941875915786324864132759297465183531897642
432965718189743652657128349361472985824659173795381264943516827276894531518237496
862154973419273685753698241291765438647839512385421769524316897178942356936587124
296185347381476529745329681914738256532641978678952413827593164463217895159864732
281396457765284913943571628136957284524813769897462135458629371372145896619738542
371592684498736521526148973784951362913627845265384197832419756147865239659273418
198425736765193284342768915976384152531672849824951673419237568253816497687549321
257193864964258713381674529672981345513746982849532671198327456425869137736415298
769283145241965378385714269493528716126397854857641923914876532638152497572439681
973546218824913576651782349139874625287651934465239781396128457512467893748395162
562397814784125963913864275891273456627549381435618792248951637356782149179436528
356127948984536271217489635425368719839271456671954823763812594542693187198745362
869124735123578469574693821917856342356249187248317956785932614692481573431765298
967841532458932761213657984645279318381465279729318456872596143536124897194783625
751342986932876514648915372473591268196428753285637149867253491524189637319764825
648297135913685742527413968436572819792138654185964273271359486854726391369841527
374165892896274531251398764169832457785416923423759618918527346642983175537641289
971256483835147296462893571213485967694732158758961342526379814389614725147528639
358294716742136895196587342419723658285461937637859124924618573563972481871345269
712953468568427139934168275896345712427816953351792684189574326673289541245631897
763482195825917634941563827682195743314276589579348261436851972198724356257639418
659471283142836759378529164863942571524718936791653842935167428217384695486295317
426891357198537264537624819274953681865412973913768425641279538382145796759386142
361429785425837961987615432736591248258764193149382576874153629612948357593276814
764539821519872364382461957238756149457913682196284573971625438845397216623148795
189652743234879651657431892342718569976245318518963427721586934463197285895324176
614592837289374165537861942351986274792145683468723519873219456945638721126457398
631524798549187263782693145168739452453216987927458631874361529296875314315942876
637821459482597136591364287874653912365912874129478365258739641946185723713246598
618493725732815469945276138873541692564927381291368547386752914427139856159684273
681742593754936281329518674936475128872361945415289367143697852598124736267853419
731246589649851273528937164295683741814795632376412895163579428987124356452368917
318569472945127368672483195489671253563842917721935684854296731297318546136754829
123579648756248931849136572465913827398725416271684359537891264682457193914362785
895136724647285391231749856359674218782391645164852937428563179516927483973418562
256473189371896452894521637413967528762158394589234761138649275645782913927315846
781935624492617358365248179279461583538729461614583297823176945156894732947352816
231576894958234176467198325813462759695713248742859631384921567176345982529687413
861735249347291856295684371736952184189347625524816793673429518412568937958173462
389746215526318794147259638815467329463892571972531486751924863638175942294683157
412635987937842615586971324698513742345726198721489563853194276164257839279368451
952781463841623957367549812216935748539478621784216395193854276675392184428167539
783629154549817362216534879635298417897341625124756983952163748371482596468975231
317984526456372819892516743924753168175268394638149257263891475541637982789425631
132945687576281493849376512983627145427159836615438729764892351258713964391564278
598132467762954831314786295981527346623419758457863912145298673839671524276345189
764253891298176543135849627857362914629415378413798256981627435342581769576934182
234178659197645283658932714923817546841256397765394128382461975519783462476529831
572413986439862517186759234347921658628534791951678423265187349714395862893246175
648793125123658794975214863867942351514367982239581476456179238782436519391825647
924138675537946128186257493475621839692384517318579264259413786761895342843762951
864912357917345628532867914148726539259138476376459281421683795695271843783594162
918642753632587194754193862249875631581364279376921485123758946497236518865419327
425176398168923457793584621536241879287369145941758263854617932312495786679832514
964735281127968453358214967891476532742359618536821794613542879279683145485197326
394628517152793468678154932517462893486935271239871645765389124921547386843216759
684357219513294678279816435348165792167923584952478163421639857895741326736582941
257968143638412957491375268725634891149827536863159724512743689974286315386591472
392857164186942573754631892639214785417598236825763941268475319971326458543189627
982367514153498627647251839865912473329745186714836295238674951576189342491523768
649285173583917264127643589734129658891576432265834791918752346472368915356491827
857614293421938675396752148549286317178345926632197854265871439783429561914563782
317594682842716935659832147534987261281465793976321458465178329798243516123659874
513678429649235817287914365731869542428357691956421783364792158172586934895143276
673589142591427836248631759167243985452198367839756421914865273786312594325974618
541627893693845271872931546927418635485362917136579482754186329319254768268793154
469237581835916427721584936973451268152768394648392715214679853387125649596843172
679324851812695473354781629241568937596273184783419265137842596925136748468957312
916435872573982164248716359751623948624891735839547621382164597497358216165279483
149327685756189423832654917678231549295468371314795268561843792483972156927516834
712839456896451237543672819267193584138547962459286173974315628685724391321968745
968274153172536498534819276423758619897461532615923784351692847786345921249187365
958721364624935871173684529241568793537419682896372415485296137719853246362147958
439715682267839154158462793784653921593128467621947835812376549346591278975284316
756914328942638175831527649214786953587193264693452817368245791479361582125879436
938625714726481935145973268263794581871256349594318672312869457657142893489537126
725314689431689572986572413397261854862435197154897236678143925513926748249758361
425836971973512846186497235839765124512948367647321598354179682761283459298654713
548376912617295384923814567186749235395162478274538691432987156869451723751623849
825764193176839452394125687967358241283641579541297368639572814458913726712486935
127358496863974215945126873639487521274591368518632749792865134456713982381249657
138645297926871435745239861691758342457923186382164579874516923213497658569382714
952763814176489523483251796398645172245817639761932485834126957517394268629578341
627198345158436972439257816294385167561974283783612594842561739975843621316729458
389426157761598342524317869173649528856273491492185673638952714247861935915734286
184295673526734189973186542351472968769518324842369715618943257495627831237851496
512389746394167582768542913176934258849275361235816497653421879487693125921758634
198457362653928147427136859819764235275319684346285971734892516961573428582641793
376195824421837956895264317918456273253789461764312598549678132632941785187523649
367841952419325678258967431936284715124573869785196324542738196693412587871659243
389412657671935284254867913713684529946521738825379146467253891132798465598146372
215468973934751628687932415328519746146387592759624831892145367461873259573296184
413758926267934815589612734342865179158279643796341258631587492975426381824193567
348275196729614358561839742135962874684357921972481563216593487497128635853746219
657342891324189765198756432862413579749825613531697248976538124483261957215974386
471928536625137948839456271942763815368514729517892364796381452253649187184275693
946127385321584679875963241698751432214398567753642198582476913169835724437219856
146527893928134576753869124384675912615942738279318465491256387867493251532781649
491687352356291874872543916268479135517836249934152768689714523143925687725368491
798231465215648397346579218469783152183452679527196834951324786674815923832967541
568347921192658347734291865257169483913485276846723159681532794479816532325974618
194378652236451987587692314918743265643925871752816439371264598465189723829537146
428715396756938421931642758315867249679324185842159673583471962194286537267593814
957482163364175289281693475149867532625349817738521946516238794893754621472916358
193826574265749138748135962986472351372561489514983627857614293621397845439258716
389276514751943628642185937567321489934568271218497365195732846426819753873654192
942513876768294153153687924816432795275169438439875612591348267387926541624751389
869413572572986314143725896957164238381257649426839751798342165614578923235691487
328467591645921873917835642732586914861294357594713268483679125256148739179352486
453187296167952834829634517574321968631598472298746351386275149745819623912463785
724153869831967524695428137586792413173546982942831756317289645258674391469315278
654198732371245896829637145465983271193752468782416953548371629916524387237869514
869572143417638259352149678726384915135967482984251367248796531571423896693815724
795834621236517489148269357672153894314698572589742136867425913951376248423981765
853914267974265183612738495498376521527891634136452879745629318361587942289143756
318495762475216893629837514786521349154983276932764185863142957297658431541379628
748923651652817493193645827864231975325798164971456238237189546519364782486572319
178439652296815473435267189651972834387654291942381567824593716769128345513746928
381942657954876312726153849569328174172465983438719265695287431217634598843591726
468129573325467819197853642534682197612975438789341256946538721873214965251796384
876915243324867519159243786782534961945621378613798452467389125538172694291456837
312468579879513426456927318163794852594832167728156943681375294937241685245689731
354986217879512463261437958543728196697341825128695374986154732712863549435279681
736218594518934726294567183671459238485372961329681457862145379157893642943726815
237186945514932867698547321325861794749253186861794253486319572152678439973425618
371465289548729361629183754916238547852974136437651928165892473284317695793546812
719532648635841927428967351297416835581329764346785219153278496972654183864193572
394782561285146397176359284831297645759463812462815973548931726923674158617528439
192468537784153629536297184325746918917825346468931275273689451641572893859314762
214738569685912734739564128923685471846271953571349286158423697362197845497856312
356481792849372516712569438975624381283195647461837259127953864634218975598746123
435689172621734598879215364196523487384967215752841936263498751518372649947156823
719852643638147952425639718974526381581473269263918475152794836897361524346285197
986435721145729638237816945364251879579683412812947563698372154453168297721594386
925476183741389562683152947568937421132548796497621358819765234274893615356214879
657892134392614758418375269521439876849167325736528941965283417284751693173946582
184956327352417689769382415438691752675248931921573846246735198513869274897124563
693241758857396421412785639931578246264913587785462193578129364129634875346857912
941738625628145739375926418893217546754683291216459387162594873487361952539872164
783246915645391827921587436398465172574812369162973548436759281857124693219638754
712346598493285617856791243639172854271854369548639721185467932927513486364928175
986314527312765849547298613768943152291857436435126978174639285623581794859472361
387429165491536278256187349519743826638251794742698513925814637874362951163975482
564172938273896415918435276142683597796251843835749162357924681629318754481567329
375682914416935827982174653123459786764218539598367142849721365231596478657843291
365817942297564381418392576734189625156273894982456137629731458873645219541928763
384216957152947638697853241215479863743682519869135724478561392936724185521398476
371582469549361872628794531754218396913456287286973154137645928865129743492837615
325167984697428315814395276243859761561734829978216453136972548452683197789541632
562978413738614259491235678315786924247391586986452137874129365159863742623547891
954361872632987514187452936491576283375824691268139457743295168819643725526718349
137452698254986173698137425573864219842719536916523847329645781761298354485371962
647285391281439567953671284169742853478356912532198746315967428796824135824513679
953126874421897635687453921365712498219348567748569312596281743872934156134675289
234567918789143256516829437672381549341956872895472361153798624927634185468215793
917356428546872931238419576369524187784193652125687394672945813853761249491238765
629147538754832961138695742346581279215379486897426315573268194481953627962714853
324896157567413829891752643658347291732981564149625738415238976986574312273169485
629785341754136928381492567563874219147629853298513674875961432936247185412358796
365824197247195863189367245594613728816572439723948516671289354452736981938451672
673241589829756143541893672712569834365487921498312765936128457284975316157634298
157386249432957186896241357643519872719862435285473691961738524578124963324695718
495261387718439265263857419329716854147598623586342791832975146971684532654123978
381964257467253819295781634824619375756438921139527468972146583548372196613895742
527968413149273865638154297276819534391542678854637129763481952412395786985726341
748561293321798546956423781164287359592136478837945162275619834613874925489352617
169872543347519628825436917954128736681753492273694851796341285532987164418265379
563192487194678523872354619716245398925813746348967152487526931631489275259731864
845169372371258964269473158752314896134896725698725413417532689923681547586947231
493765812152498367786321594271849653965273148834516729317954286548632971629187435
314578962867942135259613847746351298192867354583429671628794513435186729971235486
281746935937581264546293187479628513653419728812357496728935641164872359395164872
756243981134869257892175634481792365579638412263514879628951743945387126317426598
148563972576829143923174865792341658431658729865297314354786291217935486689412537
635492178284716359971385264357649812892153647146827593413578926528964731769231485
394876125217594638856231794135682947429157386768943251582719463941365872673428519
872319645649785312153426789364592178915874263728631954496257831531968427287143596
316572498582394167749816523693457281178923645425681379257148936934765812861239754
681972354425638719739451862276183495894265137153749628947326581562814973318597246
397412586261985437854367921572841693916523748483796152749638215628154379135279864
869214375754398612312657948435761289127839564986425137543986721698172453271543896
985172346741638295623459781869524137512397468374816529497265813158943672236781954
857234169932516748614987523426759831781342956395861472269478315173695284548123697
457612398826439571139857426398176245271945683564328917685794132743261859912583764
794156238825473619136982457547628391612397584389514726268731945453869172971245863
354279816186453792792816435613795248548362179927184563431628957879531624265947381
489572361126983475375614928813429657692751843754368219941235786268197534537846192
938547612527631849614829735843956127176482593259713468365274981792168354481395276
926157384547382196183964527269518473835746219471239865714625938652893741398471652
815427396362915748794386521237168459481593267659274813976842135143759682528631974
539871624716524389482396175321459768647183952895267431178642593953718246264935817
694531287235798614178264953853416729461927538927385146519643872746852391382179465
791364852456872193832591476627915348984237561315648729563489217148726935279153684
351798264826451793749362185187634952462519837593287641614823579275946318938175426
791653824358214697264987315629175438147832956835469271912748563586321749473596182
587694321342518967196237845451769283739182456268345719913426578674853192825971634
234657198196843257785219643528961374971324865463785912617532489349178526852496731
497158632825637491136294875354819267761423958982576314519342786278961543643785129
873692541142785936569413728238561479654279813791348265326854197415937682987126354
517648329243975816896321574984167235165283497372594168438716952721859643659432781
816923457527461893439785261754816329361294578298357614643172985185649732972538146
492781653758632491613495782389564217126873945574129836961258374235947168847316529
126853497958417362437692185814265973762938514395741628249586731683174259571329846
613842795574931628829765134195478263286193457347526819958614372731289546462357981
632798451578146239419523786847231965963475812251689374325814697194367528786952143
324156798967824135851397642178963524695482317432571869283719456716245983549638271
327958164198624537546371982269513748485297613731486295974865321812739456653142879
872915463391864572546372198439781256285496317167253849953648721718529634624137985
768953241215784639934126587149365728682479153573812496821537964457698312396241875
648723195792145638135896742827964351916538427453217869574382916269471583381659274
692785431718234956534169287473516829185927364926348715359672148247851693861493572
135768492269541873478329156354682917927153684816974325681237549592416738743895261
576241893132698754849753216253984671697132485481567932365829147728415369914376528
976184532418325967325976184293847651581263479764519328657498213139752846842631795
245369781167852943398741265681935427573624198429178356834216579912587634756493812
769831245583249167241675398356182479478593621912467583827314956635928714194756832
156348792234975168987126534462831957891457326375269481518694273629713845743582619
136824957792315648854976312348169275671253489925748163519637824463582791287491536
482761593371594286569823714713459628658312947294687351146975832937248165825136479
586374912429186375713592486647831529298645731351927648874269153935718264162453897
876493215149582376352176498963245187417938652285761934524317869738629541691854723
275394681983176542416285739534927168628451397791863254857642913342519876169738425
239758146475916238861243795582197463746325819913684572194832657327561984658479321
925367814147982563863451297684593172791624358532178649379215486418736925256849731
645839172712546398839712564397185426458263917261974853523698741186457239974321685
345921687798346251162587439436752918871694325259138746924875163683219574517463892
715429836826371594943856721254637189178592463639148275492713658587964312361285947
891752463753641892264389175437895216628174539915263784146927358579438621382516947
756493218834127956129856347245789163917632485683541729491365872572918634368274591
574319268813652974926748153492583617685174329731926485259467831148235796367891542
786325419254916378913487265567832194428591736139764582872653941645179823391248657
124536789953784162768219543386427915295861374471953628639142857547698231812375496
184725639529463178673198245462859713817634952935217864391586427756942381248371596
759216438123847965864953217672189354538462179491735682386594721245371896917628543
321795468548136972679428315752613849814579236963842751297351684136284597485967123
764819325215436798398725614523167849679548231841293567437681952156972483982354176
432987156589614327167532948321759684798346215645821739874293561256178493913465872
896341275573286149124579863289413657435762918617958432341827596752694381968135724
853714629219658347746932158568379214432861795197245836921586473384197562675423981
456392871827614395391857462268931547174528936935746218782463159649185723513279684
821564973459387621367219845235491786946738512718652394183926457694175238572843169
624317589957824361831965274598641723742538196316279845269753418485192637173486952
961483257452617839387925614629378541748159326135246978516792483894531762273864195
483716295712859436965324178657248913348971652129635847574162389291583764836497521
534298176182674395976351482321986754749135268658427931895712643417863529263549817
217534689498162537653798241325981764964273158781645923532817496149356872876429315
641925837358476291972831456219657348786394512435218679867143925193562784524789163
913567482678241935254893176732918564569472318841635297126384759487159623395726841
519382674768514932324976815297863541631495728845127369152639487986741253473258196
385219647972864315614537829461378592238945176597126483149652738853791264726483951
132546798457983621896721534521698473674315289983274156348157962265439817719862345
857243196612598347349167258163852974598714632724639581471325869285976413936481725
346579812279186543815243796968435271431728659527961384694852137153697428782314965
451832769879546123236791854163284597582917436794653218328179645917465382645328971
451298367296713854387456921925841736143967285678532419534629178862174593719385642
923768415748513962516492738685237149492186357371945286869374521237651894154829673
182357694579246813643198275715423986894765132326981457451679328967832541238514769
764952381928317654135684927243175896591268473687493512479826135856731249312549768
298456731176239845453178692947862153581394267632715984864527319719643528325981476
926351478417986235835724961269438517574169823381275649158647392743592186692813754
734591268956827134218634597187943625592186473643275981429318756875469312361752849
213765489469138572785942136592817364341596728876423915127654893934281657658379241
287936451193754628546821379932517864718462593654398217321689745879245136465173982
478219563629534781513768429231476958845193672796852134964325817357981246182647395
418376925327958146695214387872635491164892753539147268743589612281463579956721834
982653147641972385357481926196748532278536419534219768815327694429165873763894251
915376842734892651826451973398614527467235198152789364289543716671928435543167289
375612984982547361614938725823196457491875236756324819268459173147263598539781642
329147856571286934684395172146739285832451697957628341298514763715863429463972518
246397185758142936931685742674951823385724619192836457867213594513479268429568371
184236975562479381379518642851364729947825136623791854715643298436982517298157463
569834271784125693321796548615482739492367185873519426956248317238671954147953862
736195842489362175512487693375824916968531427124976358853719264241658739697243581
274816935853942176691357248425163897986574312137289654719428563562731489348695721
569314278284697315137528964653741892871952436942836157426179583398465721715283649
763985412281374956495216873872569134634821597159437628946753281527148369318692745
318764529564928731279531648653179284187642395942385167725496813436817952891253476
826357194975416382143982765254138976361579428789624531612795843598243617437861259
985426173174359862623781549346892751251637498897514326412978635739165284568243917
859647321463129857172538946234876519781953462596214783948361275627495138315782694
293185467768493125541726893659217384374869512812354679486932751127548936935671248
249851763851637294376924518762149385413586927598273641924315876637498152185762439
643817529721965348895342167516478932972536814438129756157694283284753691369281475
921854637873629514546317892782935146615482379439176285167248953258793461394561728
139258647864317952527469381418793526692581734753624198241936875385172469976845213
149325687632487591785916342453762918896134275217859436964271853578693124321548769
719634528863752194542819763291547836458263971637198245924381657386975412175426389
634291785257384619918567324863729541571843962429156873346918257785432196192675438
789634521653217948214589673862793415547168392931452786325971864198346257476825139
347128596251694837968537412689752341475361289132489765796243158523816974814975623
249731586163548972758269431532187649617954328984326157426815793891473265375692814
639158472851247963742693185426781539913465728578329641197834256364512897285976314
273916485149835627685427319862543971531789246794261853918374562326158794457692138
672354918835912647491687235569843172327561489148729563954138726713296854286475391
154786293376925814892431576561247389243869157987513642729658431418372965635194728
467315982139862574582497136723148659945276318618953247274539861396781425851624793
421639587578124369693758412837961245914275638256843791369517824782496153145382976
134268957689157432275349186563921874891473265742586391458732619317694528926815743
865317492247859316319264875983476521721583964456192738678941253134725689592638147
672485391839126475541739826326594187917368542458271639263857914794613258185942763
596321874248975316173684592634819257927543681851267439489152763715436928362798145
519824637374956128628137495142683759893715264756249813235471986461398572987562341
798351264132647985465982731957823416843716529216495378689274153524138697371569842
563421978721698354894735621658347192432169785179852463986513247215974836347286519
523467189469815372781239564692753841358124697147986253834691725916572438275348916
427685139136492578598317264789261453645938712213754986351849627874526391962173845
153948762748263159962517834216895347895734216437126985624371598389452671571689423
293654187568713294741829653312475968679138542485296731924581376136947825857362419
873945612152786439469132758638527194517394826924861573245679381786213945391458267
719528463265349178483167529127493856894651237536782914941236785652874391378915642
514298637967354281382167495678945312453612978129783564296571843831429756745836129
269834157475916328813752649946123875187495236532687491754268913398541762621379584
146259738287361549539478612378126954954837126612594387725683491891745263463912875
152876349698453271743921865385714692426589137917362584569148723274635918831297456
692357148453281697178469532264975381837146259915832764346728915781593426529614873
327415698458269731169738425982174563513826974746953182874592316231647859695381247
437615982952847361861293475786421593314958627295376814529764138173589246648132759
269571348374628915581943627847256139635819472192734856428367591953182764716495283
629438157853179462147526983932614578476385291518792346764253819395861724281947635
598671342763842915241935678982517436475326189136498257359764821627183594814259763
536249781418357296297186345672593814984761523351428967849635172725914638163872459
274651839368924571591378642482167953139845267756239184813496725947582316625713498
283165794475289631961437285816374952349512876527896413192743568658921347734658129
568421397279563418341987265124895673935746821687132954793614582416258739852379146
183625794642879351795413268459382176231967845876541932967258413518734629324196587
278146395496537812135829674821793546954618237367254981543961728689472153712385469
359746821748512369621938754583427196962183547174659283417295638895361472236874915
962745813358169472147238956483927561716453289295681734574312698821596347639874125
954217386137586294268394751526739148341658972879142563415963827692871435783425619
715843962823695147649721358192384576387256419456179283271538694968412735534967821
513794682962358147784216935341875296698123574257649318426981753839567421175432869
761425389342698751859731426297546138635812947418379265926154873183267594574983612
214637985659248173738159642825964731361872594497315826943581267172496358586723419
215736849749821536638495217481269375973158624526347981354912768862574193197683452
358792641764813529192564837471685293625379184983241765236957418847136952519428376
173469285458327619629185473842691357967253148315748962796812534534976821281534796
127659843635487291984321567842163975563972418719548632351894726478216359296735184
936827541142536987875194632217943856689251473354678219561782394793465128428319765
152643798639781452874529361216394587593876214487215639341957826725168943968432175
761245938284936715953178642195423867426897351837561429572684193618359274349712586
487315269593826471621947358874569132315278946269431785738152694156794823942683517
947836215328715496651294837792548361465371982813962754576483129189627543234159678
153247689692318475874596231387654912925183764416729853749835126238961547561472398
782516439146938275539274861475362918361859742298741653817695324953427186624183597
847956123196372854325841796714239568983765241652184937431528679579613482268497315
578964213239185647641327589153492768482736951967851432895673124716248395324519876
237894165846571293951362748589627431614935872372418956768259314125743689493186527
563827941847193625912654783185246397679318254324579168451932876796481532238765419
243617985785392461619548273827954136354186729196723854561279348432861597978435612
827513469514269873369487251251894736738126945946735128692371584175648392483952617
139672485854139276726485931971528643485963712362741859298357164613894527547216398
471283569289465317536791284394652178867314952152978643713826495648539721925147836
682791354941325867357846921295178643168534792734269518513682479829457136476913285
185394726493276815762581394237165489854923167916748253379852641548617932621439578
594168327367924851128735694651287943479653218832491576243516789916872435785349162
856341927137952648294867315968213754412576839375498261521739486743685192689124573
658327491239514876417869352821946735965738124743152689182675943374291568596483217
274196583869235741315784296638479125542318967197562438953841672481627359726953814
425679831697381245138452769953126487261748953874593126546817392312964578789235614
914258763732649158856713924427531896583976412691824537368197245249385671175462389
354621987627895134891473625246738591178549362539216478783164259915382746462957813
368427591279581463541639287936872154825914376417356829682743915194265738753198642
625341978798625134143978265581769423462513897379482516836194752954237681217856349
732984156146537982598216347687153429329648715415792863971865234253471698864329571
893147562175326948642985371261793485957418623438652197789534216524861739316279854
271495863985623714436871529713582946849367152652149378127936485594218637368754291
946732185835416927127589463689374251714258639253691874478965312591823746362147598
374182596198654723256793481829465137637921854415837962763519248942378615581246379
421837695986521473537964128894256731265713849173489256352648917619372584748195362
178423956239865714645791328592316847716584239384972165821649573963257481457138692
948173256723956184561842937472395618385761492619284375257439861834617529196528743
836179524479352186215486793358947612961238457724615938193864275687521349542793861
456372891987165324321489567143256789762891453895734216278613945639548172514927638
537192684182643579964578123341256798896417352725839461478325916619784235253961847
148739562532681794769452183254867319873915426916243875325176948681394257497528631
937426581542183769168759423295368147716294835384517296679841352821635974453972618
368491257425687139197235468736149825289563741514872693943716582872354916651928374
562381974439572816718496523356128749297654381841937265673845192984213657125769438
579381264348265197126749835231457689497628351685193472812976543963514728754832916
498326157317594826562718943145679238976832415283451769659147382734285691821963574
875234691921576483643198257538921746194867325762345918459783162316452879287619534
394852617651973824782461359523796148816245793947138562169327485475689231238514976
739468125214537986865129437476893251358271649921654873147985362592346718683712594
982463751415798632673512489134257896257986143896134527341625978568379214729841365
897156324136284579245397861379562418584719236621843957962475183413628795758931642
785321649314596827629478531137284956256739184498615372971843265543962718862157493
416987253739215648582634197158379426647521839923468715895146372274853961361792584
721964835463851972859327164618492753547638219392175648935786421274519386186243597
584317629963248571217695483639421857451876392872539164348952716725163948196784235
163982745752416389948357126694178253237564891815293467576821934329745618481639572
584326791672951834319748562961287453738564219425193678156432987297815346843679125
632859174457163289189427653528614937971382465364975821743298516296531748815746392
714986523592347681863215497641853972359672148287194356926438715435721869178569234
149628357275134698836579214967382145321457869584916732713245986652891473498763521
824731596357698142619425378765342981132869754498517623576283419241956837983174265
381749256942165387765283914176438529538926741294571638653817492419652873827394165
397862514842531976561794283713458692458926731926317458174285369289673145635149827
768394125152786934394521768685172349947638251231945687413259876876413592529867413
957831462423769185816542973769218534542397618381456297634185729178924356295673841
753986142849213765126547983395872416268134579471695238932461857684759321517328694
839271564756394182142658397567843921498125736213967458374586219981432675625719843
518497326972563481643182975236849517184756239759231864325614798491378652867925143
675231948348769512219854736834516297192387465756492381561923874423178659987645123
195347862284516937376982145947623518861754293523891674732165489659438721418279356
489126573251734986367958241542671398873295164916843725734589612195462837628317459
753416298926758341481392657395821476842967135167543829514639782279184563638275914
